-0.340006
-0.333339
-0.326672
-0.320005
-0.313339
-0.313339
-0.293338
-0.286672
-0.266671
-0.260004
-0.253338
-0.233337
-0.220004
-0.20667
-0.18667
-0.180003
-0.160003
-0.160003
-0.140002
-0.133336
-0.126669
-0.120002
-0.106668
-0.0933349
-0.0733346
-0.060001
-0.060001
-0.0400007
-0.0266671
-0.0266671
-0.0266671
-0.0133336
-0.00666678
-0.00666678
0
0
0.0133336
0.0266671
0.0466675
0.0533342
0.060001
0.0733346
0.0733346
0.0800014
0.0933349
0.100002
0.113335
0.113335
0.120002
0.120002
0.146669
0.153336
0.153336
0.160003
0.166669
0.180003
0.18667
0.193337
0.213337
0.220004
0.220004
0.220004
0.226671
0.226671
0.226671
0.226671
0.233337
0.240004
0.240004
0.260004
0.273338
0.280005
0.300005
0.306672
0.313339
0.313339
0.313339
0.313339
0.306672
0.306672
0.320005
0.326672
0.333339
0.340006
0.346673
0.353339
0.356673
0.360006
0.366673
0.380006
0.380006
0.380006
0.380006
0.380006
0.380006
0.386673
0.386673
0.39334
0.39334
0.39334
0.39334
0.39334
0.400007
0.400007
0.400007
0.400007
0.40334
0.406674
0.41334
0.420007
0.433341
0.440007
0.440007
0.440007
0.453341
0.453341
0.466675
0.473341
0.486675
0.486675
0.500008
0.506675
0.520009
0.540009
0.540009
0.553343
0.573343
