-0.833333
-0.806666
-0.786666
-0.766666
-0.733333
-0.68
-0.646666
-0.62
-0.586666
-0.553333
-0.506667
-0.466667
-0.426667
-0.386667
-0.353333
-0.313333
-0.273333
-0.253333
-0.226667
-0.206667
-0.186667
-0.153334
-0.126667
-0.0933336
-0.0866669
-0.0733336
-0.066667
-0.0400003
-0.0200003
-3.57628e-07
0.013333
0.0199996
0.0266663
0.0333329
0.0466663
0.0533329
0.0666662
0.0799996
0.0866662
0.106666
0.12
0.14
0.153333
0.159999
0.173333
0.193333
0.206666
0.213333
0.226666
0.259999
0.266666
0.273333
0.279999
0.293333
0.306666
0.313333
0.326666
0.333333
0.339999
0.346666
0.353333
0.366666
0.38
0.393333
0.406667
0.413333
0.42
0.426667
0.433333
0.446667
0.46
0.466667
0.473333
0.48
0.493333
0.493333
0.5
0.506667
0.513333
0.513333
0.526667
0.533333
0.546667
0.546667
0.553333
0.56
0.566666
0.573333
0.573333
0.58
0.586666
0.593333
0.593333
0.6
0.606666
0.606666
0.626666
0.633333
0.64
0.646666
0.653333
0.66
0.666666
0.666666
0.666666
0.7
0.713333
0.72
0.726667
0.726667
0.726667
0.733333
0.746667
0.746667
0.746667
0.753333
0.753333
0.76
0.76
0.76
0.76
0.76
0.76
0.76
0.76
0.76
0.76
